#include "Tools.h"

float corrAAnim[18][17][12] = {
    {
        { 1.0, 0.0, 0.0, -0.0, 0.0, 1.0, 0.0, -0.0, -0.0, 0.0, 1.0, 0.0},
        { 1.0, -0.0, 0.0, 0.0, 0.0, 1.0, 0.0, 0.0, 0.0, 0.0, 1.0, -0.0},
        { 1.0, -0.0, 0.0, 0.0, 0.0, 1.0, 0.0, 0.0, 0.0, 0.0, 1.0, -0.0},
        { 1.0, -0.0, 0.0, 15.2681, 0.0, 1.0, 0.0, 0.0, 0.0, -0.0, 1.0, -0.0},
        { 1.0, -0.0, 0.0, -15.3345, 0.0, 1.0, 0.0, 0.0, 0.0, 0.0, 1.0, 0.0},
        { 1.0, -0.0, 0.0, 0.0, 0.0, 1.0, 0.0, -0.0, 0.0, -0.0, 1.0, -0.0},
        { 1.0, -0.0, 0.0, 21.0577, 0.0, 1.0, 0.0, -0.0, 0.0, -0.0, 1.0, -0.0},
        { 1.0, -0.0, 0.0, 21.0577, 0.0, 1.0, 0.0, -0.0, 0.0, -0.0, 1.0, -0.0},
        { 1.0, -0.0, 0.0, 21.0577, 0.0, 1.0, 0.0, -0.0, 0.0, -0.0, 1.0, -0.0},
        { 1.0, -0.0, 0.0, 21.0577, 0.0, 1.0, 0.0, -0.0, 0.0, -0.0, 1.0, -0.0},
        { 1.0, -0.0, 0.0, 21.0577, 0.0, 1.0, 0.0, 0.0, 0.0, -0.0, 1.0, -0.0},
        { 1.0, -0.0, 0.0, 21.0577, 0.0, 1.0, 0.0, 0.0, 0.0, -0.0, 1.0, -0.0},
        { 1.0, -0.0, 0.0, 21.0577, 0.0, 1.0, 0.0, 0.0, 0.0, -0.0, 1.0, -0.0},
        { 1.0, 0.0, 0.0, 0.0, 0.0, 1.0, 0.0, 0.0, 0.0, 0.0, 1.0, 0.0},
        { 1.0, 0.0, 0.0, -23.6507, 0.0, 1.0, 0.0, 0.0, 0.0, 0.0, 1.0, 0.0},
        { 1.0, 0.0, 0.0, -10.6248, 0.0, 1.0, 0.0, 0.0, 0.0, 0.0, 1.0, -0.0},
        { 1.0, 0.0, 0.0, 5.3867, 0.0, 1.0, 0.0, 0.0, 0.0, 0.0, 1.0, -0.0},
    },
    {
        { 0.9983, -0.0581, 0.0, 1.5357, 0.0581, 0.9983, 0.0, 0.5666, -0.0, 0.0, 1.0, -0.0},
        { 1.0, -0.0, 0.0, 0.0, 0.0, 1.0, 0.0, 0.0, 0.0, 0.0, 1.0, -24.287},
        { 1.0, -0.0, 0.0, 0.0, 0.0, 1.0, 0.0, 0.0, 0.0, 0.0, 1.0, 22.0581},
        { 1.0, -0.0, 0.0, -0.0, 0.0, 1.0, 0.0, 0.0, 0.0, -0.0, 1.0, -0.0},
        { 1.0, -0.0, 0.0, -0.0, 0.0, 1.0, 0.0, 0.0, 0.0, 0.0, 1.0, 0.0},
        { 1.0, -0.0, 0.0, 0.0, -0.0, -1.0, -0.0009, -155.6407, 0.0, 0.0009, -1.0, -0.402},
        { 1.0, -0.0, 0.0, 21.0577, 0.0, 1.0, 0.0, -0.0, 0.0, -0.0, 1.0, -0.0},
        { 1.0, -0.0, 0.0, 21.0577, 0.0, 1.0, 0.0, -0.0, 0.0, -0.0, 1.0, -0.0},
        { 1.0, -0.0, 0.0, 21.0577, 0.0, 1.0, 0.0, -0.0, 0.0, -0.0, 1.0, -0.0},
        { 1.0, -0.0, 0.0, 21.0577, 0.0, 1.0, 0.0, -0.0, 0.0, -0.0, 1.0, -0.0},
        { 1.0, -0.0, 0.0, 21.0577, 0.0, 1.0, 0.0, 0.0, 0.0, -0.0, 1.0, -0.0},
        { 1.0, -0.0, 0.0, 21.0577, 0.0, 1.0, 0.0, 0.0, 0.0, -0.0, 1.0, -0.0},
        { 1.0, -0.0, 0.0, 21.0577, 0.0, 1.0, 0.0, 0.0, 0.0, -0.0, 1.0, -0.0},
        { 1.0, 0.0, 0.0, 0.0, 0.0, 1.0, 0.0, 0.0, 0.0, 0.0, 1.0, 0.0},
        { 1.0, 0.0, 0.0, -0.0, 0.0, 1.0, 0.0, 0.0, 0.0, 0.0, 1.0, 0.0},
        { 1.0, 0.0, 0.0, -0.0, 0.0, 1.0, 0.0, 0.0, 0.0, 0.0, 1.0, -0.0},
        { 1.0, 0.0, 0.0, -0.0, 0.0, 1.0, 0.0, 0.0, 0.0, 0.0, 1.0, -0.0},
    },
    {
        { 0.9754, -0.2204, 0.0, 5.6671, 0.2204, 0.9754, 0.0, 2.6371, -0.0, 0.0, 1.0, -0.0},
        { 0.9459, -0.3243, -0.0, -22.0945, 0.3243, 0.9459, 0.0, -3.6315, -0.0, -0.0, 1.0, -24.287},
        { 1.0, -0.0, 0.0, 0.0, 0.0, 1.0, 0.0, 0.0, 0.0, 0.0, 1.0, 22.0581},
        { 1.0, -0.0, 0.0, -25.167, 0.0, 1.0, 0.0, -29.8624, 0.0, -0.0, 1.0, -0.0},
        { 1.652, 3.3181, -1.0583, 259.5333, -0.0, 1.1713, 3.6725, 88.7426, 3.4828, -1.5739, 0.502, -92.1603},
        { 4.5366, -0.14, -0.0, -82.6889, 0.14, 4.5366, -0.0, 411.043, -0.0, 0.0, 4.5387, 94.6736},
        { 1.0, -0.0, 0.0, 21.0577, 0.0, 1.0, 0.0, -0.0, 0.0, -0.0, 1.0, -0.0},
        { 1.0, -0.0, 0.0, 21.0577, 0.0, 1.0, 0.0, -0.0, 0.0, -0.0, 1.0, -0.0},
        { 1.0, -0.0, 0.0, 21.0577, 0.0, 1.0, 0.0, -0.0, 0.0, -0.0, 1.0, -0.0},
        { 1.0, -0.0, 0.0, 21.0577, 0.0, 1.0, 0.0, -0.0, 0.0, -0.0, 1.0, -0.0},
        { 1.0, -0.0, 0.0, 21.0577, 0.0, 1.0, 0.0, 0.0, 0.0, -0.0, 1.0, -0.0},
        { 1.0, -0.0, 0.0, 21.0577, 0.0, 1.0, 0.0, 0.0, 0.0, -0.0, 1.0, -0.0},
        { 1.0, -0.0, 0.0, 21.0577, 0.0, 1.0, 0.0, 0.0, 0.0, -0.0, 1.0, -0.0},
        { 1.0, 0.0, 0.0, 0.0, 0.0, 1.0, 0.0, 0.0, 0.0, 0.0, 1.0, 0.0},
        { 1.0, 0.0, 0.0, -0.0, 0.0, 1.0, 0.0, -119.4495, 0.0, 0.0, 1.0, 11.9262},
        { -1.0, 0.0, 0.0, 0.5658, 0.0, 1.0, 0.0, 34.6678, 0.0, 0.0, 1.0, 6.6323},
        { 0.0039, 0.5011, -0.8654, 31.7854, 0.0058, 0.8654, 0.5011, 38.9175, 1.0, -0.007, 0.0004, 5.1561},
    },
    {
        { 0.887, -0.4618, 0.0, 11.3198, 0.4618, 0.887, 0.0, 7.1668, -0.0, 0.0, 1.0, -0.0},
        { 0.7241, -0.6897, -0.0, -47.0072, 0.6897, 0.7241, 0.0, -18.6806, -0.0, -0.0, 1.0, -24.287},
        { 1.0, -0.0, 0.0, 0.0, 0.0, 1.0, 0.0, 0.0, 0.0, 0.0, 1.0, 22.0581},
        { 0.8333, -0.5528, -0.0, -14.5701, 0.5528, 0.8333, 0.0, -56.3989, -0.0, -0.0, 1.0, -0.0},
        { 0.6767, 0.7362, 0.0, 81.0227, -0.7362, 0.6767, 0.0, -36.0046, 0.0, -0.0, 1.0, -18.7758},
        { 1.0, -0.0, 0.0, 0.0, 0.0, 1.0, 0.0, -0.0, 0.0, -0.0, 1.0, -0.0},
        { 1.0, -0.0, 0.0, 0.0, 0.0, 1.0, 0.0, -0.0, 0.0, -0.0, 1.0, -0.0},
        { 1.0, -0.0, 0.0, 0.0, 0.0, 1.0, 0.0, -0.0, 0.0, -0.0, 1.0, -0.0},
        { 1.0, -0.0, 0.0, 0.0, 0.0, 1.0, 0.0, -0.0, 0.0, -0.0, 1.0, -0.0},
        { 1.0, -0.0, 0.0, 0.0, 0.0, 1.0, 0.0, -0.0, 0.0, -0.0, 1.0, -0.0},
        { 1.0, -0.0, 0.0, -0.0, 0.0, 1.0, 0.0, 0.0, 0.0, -0.0, 1.0, -0.0},
        { 1.0, -0.0, 0.0, -0.0, 0.0, 1.0, 0.0, 0.0, 0.0, -0.0, 1.0, -0.0},
        { 1.0, -0.0, 0.0, 0.0, 0.0, 1.0, 0.0, 0.0, 0.0, -0.0, 1.0, -0.0},
        { 1.0, 0.0, 0.0, 0.0, 0.0, 1.0, 0.0, -2.0306, 0.0, 0.0, 1.0, 0.0},
        { 1.0, 0.0, 0.0, -0.0, 0.0, 1.0, 0.0, -117.4489, 0.0, 0.0, 1.0, 11.9262},
        { -1.0, 0.0, 0.0, 0.5658, 0.0, 0.8128, 0.5826, 23.009, 0.0, -0.5826, 0.8128, -25.5284},
        { 0.0039, 0.5011, -0.8654, 31.7854, 0.0058, 0.8654, 0.5011, 38.9175, 1.0, -0.007, 0.0004, 5.1561},
    },
    {
        { 0.6905, -0.7234, 0.0, 16.541, 0.7234, 0.6905, 0.0, 14.765, -0.0, 0.0, 1.0, -0.0},
        { 0.28, -0.96, -0.0, -65.4854, 0.96, 0.28, 0.0, -48.8848, -0.0, -0.0, 1.0, -24.287},
        { 1.0, -0.0, 0.0, 0.0, 0.0, 1.0, 0.0, 0.0, 0.0, 0.0, 1.0, 22.0581},
        { -0.3605, -0.9328, -0.0, 9.3304, 0.9328, -0.3605, 0.0, -52.3502, -0.0, -0.0, 1.0, 0.0},
        { 0.6984, 0.7157, -0.0044, 79.23, -0.7157, 0.6984, 0.005, -33.9619, 0.0067, -0.0004, 1.0, -17.1559},
        { 1.0, -0.0, 0.0, 0.0, 0.0, 1.0, 0.0, -0.0, 0.0, -0.0, 1.0, 4.699},
        { 1.0, -0.0, 0.0, 0.0, 0.0, 1.0, 0.0, -0.0, 0.0, -0.0, 1.0, 2.813},
        { 1.0, -0.0, 0.0, 0.0, 0.0, 1.0, 0.0, -0.0, 0.0, -0.0, 1.0, 1.8723},
        { 1.0, -0.0, 0.0, 0.0, 0.0, 1.0, 0.0, -0.0, 0.0, -0.0, 1.0, 1.3696},
        { 1.0, -0.0, 0.0, 0.0, 0.0, 1.0, 0.0, -0.0, 0.0, -0.0, 1.0, 1.0309},
        { 1.0, -0.0, 0.0, -0.0, 0.0, 1.0, 0.0, 0.0, 0.0, -0.0, 1.0, 0.7892},
        { 1.0, -0.0, 0.0, -0.0, 0.0, 1.0, 0.0, 0.0, 0.0, -0.0, 1.0, 0.6132},
        { 1.0, -0.0, 0.0, 0.0, 0.0, 1.0, 0.0, 0.0, 0.0, -0.0, 1.0, 0.4905},
        { 1.0, 0.0, 0.0, 0.0, 0.0, 1.0, 0.0, -7.6835, 0.0, 0.0, 1.0, 0.0},
        { 1.0, 0.0, 0.0, -0.0, 0.0, 1.0, 0.0, -111.8797, 0.0, 0.0, 1.0, 11.9262},
        { -1.0, 0.0, 0.0, 0.5658, 0.0, 0.8128, 0.5826, 23.009, 0.0, -0.5826, 0.8128, -25.5284},
        { 0.0039, 0.5011, -0.8654, 31.7854, 0.0058, 0.8654, 0.5011, 38.9175, 1.0, -0.007, 0.0004, 5.1561},
    },
    {
        { 0.395, -0.9187, 0.0, 19.1041, 0.9187, 0.395, 0.0, 24.4105, -0.0, 0.0, 1.0, -0.0},
        { -0.28, -0.96, -0.0, -65.571, 0.96, -0.28, 0.0, -87.0205, -0.0, -0.0, 1.0, -24.287},
        { 1.0, -0.0, 0.0, 0.0, 0.0, 1.0, 0.0, 0.0, 0.0, 0.0, 1.0, 22.0581},
        { -0.816, -0.578, -0.0, 14.0199, 0.578, -0.816, -0.0, -41.7893, -0.0, 0.0, 1.0, -0.0},
        { 0.7563, 0.654, -0.0176, 73.8522, -0.6537, 0.7565, 0.0186, -28.3883, 0.0254, -0.0026, 0.9997, -12.7599},
        { 1.0, -0.0, 0.0, 0.0, 0.0, 1.0, 0.0, -0.0, 0.0, -0.0, 1.0, 13.4256},
        { 1.0, -0.0, 0.0, 0.0, 0.0, 1.0, 0.0, -0.0, 0.0, -0.0, 1.0, 9.0015},
        { 1.0, -0.0, 0.0, 0.0, 0.0, 1.0, 0.0, -0.0, 0.0, -0.0, 1.0, 6.337},
        { 1.0, -0.0, 0.0, 0.0, 0.0, 1.0, 0.0, -0.0, 0.0, -0.0, 1.0, 4.7936},
        { 1.0, -0.0, 0.0, 0.0, 0.0, 1.0, 0.0, -0.0, 0.0, -0.0, 1.0, 3.6897},
        { 1.0, -0.0, 0.0, -0.0, 0.0, 1.0, 0.0, 0.0, 0.0, -0.0, 1.0, 2.87},
        { 1.0, -0.0, 0.0, -0.0, 0.0, 1.0, 0.0, 0.0, 0.0, -0.0, 1.0, 2.2566},
        { 1.0, -0.0, 0.0, 0.0, 0.0, 1.0, 0.0, 0.0, 0.0, -0.0, 1.0, 1.8217},
        { 1.0, 0.0, 0.0, 0.0, 0.0, 1.0, 0.0, -16.3, 0.0, 0.0, 1.0, 0.0},
        { 1.0, 0.0, 0.0, -0.0, 0.0, 1.0, 0.0, -103.3907, 0.0, 0.0, 1.0, 11.9262},
        { -1.0, 0.0, 0.0, 0.5658, 0.0, 0.8128, 0.5826, 23.009, 0.0, -0.5826, 0.8128, -25.5284},
        { 0.0039, 0.5011, -0.8654, 31.7854, 0.0058, 0.8654, 0.5011, 38.9175, 1.0, -0.007, 0.0004, 5.1561},
    },
    {
        { 0.0774, -0.997, 0.0, 18.3435, 0.997, 0.0774, 0.0, 33.5982, -0.0, 0.0, 1.0, -0.0},
        { -0.7241, -0.6897, -0.0, -47.2286, 0.6897, -0.7241, 0.0, -117.3073, -0.0, -0.0, 1.0, -24.287},
        { 1.0, -0.0, 0.0, 0.0, 0.0, 1.0, 0.0, 0.0, 0.0, 0.0, 1.0, 22.0581},
        { -0.63, -0.7766, 0.0, 19.9227, 0.7766, -0.63, -0.0, -47.0872, 0.0, 0.0, 1.0, -0.0},
        { 0.8359, 0.5473, -0.0406, 64.5352, -0.5461, 0.8369, 0.0375, -20.3416, 0.0545, -0.0092, 0.9985, -6.3764},
        { 1.0, -0.0, 0.0, 0.0, 0.0, 1.0, 0.0, -0.0, 0.0, -0.0, 1.0, 18.1246},
        { 1.0, -0.0, 0.0, 0.0, 0.0, 1.0, 0.0, -0.0, 0.0, -0.0, 1.0, 15.19},
        { 1.0, -0.0, 0.0, 0.0, 0.0, 1.0, 0.0, -0.0, 0.0, -0.0, 1.0, 11.6659},
        { 1.0, -0.0, 0.0, 0.0, 0.0, 1.0, 0.0, -0.0, 0.0, -0.0, 1.0, 9.2448},
        { 1.0, -0.0, 0.0, 0.0, 0.0, 1.0, 0.0, -0.0, 0.0, -0.0, 1.0, 7.3251},
        { 1.0, -0.0, 0.0, -0.0, 0.0, 1.0, 0.0, 0.0, 0.0, -0.0, 1.0, 5.8117},
        { 1.0, -0.0, 0.0, -0.0, 0.0, 1.0, 0.0, 0.0, 0.0, -0.0, 1.0, 4.6359},
        { 1.0, -0.0, 0.0, 0.0, 0.0, 1.0, 0.0, 0.0, 0.0, -0.0, 1.0, 3.7835},
        { 1.0, 0.0, 0.0, 0.0, 0.0, 1.0, 0.0, -27.2216, 0.0, 0.0, 1.0, 0.0},
        { 1.0, 0.0, 0.0, -0.0, 0.0, 1.0, 0.0, -92.6307, 0.0, 0.0, 1.0, 11.9262},
        { -1.0, 0.0, 0.0, 0.5658, 0.0, 0.8128, 0.5826, 23.009, 0.0, -0.5826, 0.8128, -25.5284},
        { 0.0039, 0.5011, -0.8654, 31.7854, 0.0058, 0.8654, 0.5011, 38.9175, 1.0, -0.007, 0.0004, 5.1561},
    },
    {
        { -0.1793, -0.9838, 0.0, 15.685, 0.9838, -0.1793, 0.0, 40.3365, -0.0, 0.0, 1.0, -0.0},
        { -0.9459, -0.3243, -0.0, -22.3837, 0.3243, -0.9459, 0.0, -132.4681, -0.0, -0.0, 1.0, -24.287},
        { 1.0, -0.0, 0.0, 0.0, 0.0, 1.0, 0.0, 0.0, 0.0, 0.0, 1.0, 22.0581},
        { 0.0337, -0.9994, 0.0, 20.2094, 0.9994, 0.0337, -0.0, -58.2163, 0.0, 0.0, 1.0, -0.0},
        { 0.9168, 0.3924, -0.0743, 50.875, -0.3889, 0.9195, 0.0575, -11.3616, 0.0909, -0.0238, 0.9956, 1.1282},
        { 1.0, -0.0, 0.0, 0.0, 0.0, 1.0, 0.0, -0.0, 0.0, -0.0, 1.0, 15.2926},
        { 1.0, -0.0, 0.0, 0.0, 0.0, 1.0, 0.0, -0.0, 0.0, -0.0, 1.0, 18.0029},
        { 1.0, -0.0, 0.0, 0.0, 0.0, 1.0, 0.0, -0.0, 0.0, -0.0, 1.0, 16.1306},
        { 1.0, -0.0, 0.0, 0.0, 0.0, 1.0, 0.0, -0.0, 0.0, -0.0, 1.0, 13.6959},
        { 1.0, -0.0, 0.0, 0.0, 0.0, 1.0, 0.0, -0.0, 0.0, -0.0, 1.0, 11.2861},
        { 1.0, -0.0, 0.0, -0.0, 0.0, 1.0, 0.0, 0.0, 0.0, -0.0, 1.0, 9.1839},
        { 1.0, -0.0, 0.0, -0.0, 0.0, 1.0, 0.0, 0.0, 0.0, -0.0, 1.0, 7.4567},
        { 1.0, -0.0, 0.0, 0.0, 0.0, 1.0, 0.0, 0.0, 0.0, -0.0, 1.0, 6.1658},
        { 1.0, 0.0, 0.0, 0.0, 0.0, 1.0, 0.0, -39.7897, 0.0, 0.0, 1.0, 0.0},
        { 1.0, 0.0, 0.0, -0.0, 0.0, 1.0, 0.0, -80.2486, 0.0, 0.0, 1.0, 11.9262},
        { -1.0, 0.0, 0.0, 0.5658, 0.0, 0.8128, 0.5826, 23.009, 0.0, -0.5826, 0.8128, -25.5284},
        { 0.0039, 0.5011, -0.8654, 31.7854, 0.0058, 0.8654, 0.5011, 38.9175, 1.0, -0.007, 0.0004, 5.1561},
    },
    {
        { -0.3377, -0.9413, 0.0, 13.1264, 0.9413, -0.3377, 0.0, 44.1848, -0.0, 0.0, 1.0, -0.0},
        { -1.0, -0.0, -0.0, -0.3057, 0.0, -1.0, 0.0, -136.1987, -0.0, 0.0, 1.0, -24.287},
        { 1.0, -0.0, 0.0, 0.0, 0.0, 1.0, 0.0, 0.0, 0.0, 0.0, 1.0, 22.0581},
        { 0.8031, -0.5959, 0.0, 8.7884, 0.5959, 0.8031, -0.0, -59.05, 0.0, 0.0, 1.0, -0.0},
        { 0.9739, 0.1941, -0.118, 33.0517, -0.1864, 0.9798, 0.0728, -3.4762, 0.1298, -0.0489, 0.9903, 8.9171},
        { 1.0, -0.0, 0.0, 0.0, 0.0, 1.0, 0.0, -0.0, 0.0, -0.0, 1.0, 9.0623},
        { 1.0, -0.0, 0.0, 0.0, 0.0, 1.0, 0.0, -0.0, 0.0, -0.0, 1.0, 15.19},
        { 1.0, -0.0, 0.0, 0.0, 0.0, 1.0, 0.0, -0.0, 0.0, -0.0, 1.0, 18.0029},
        { 1.0, -0.0, 0.0, 0.0, 0.0, 1.0, 0.0, -0.0, 0.0, -0.0, 1.0, 17.1199},
        { 1.0, -0.0, 0.0, 0.0, 0.0, 1.0, 0.0, -0.0, 0.0, -0.0, 1.0, 14.9215},
        { 1.0, -0.0, 0.0, -0.0, 0.0, 1.0, 0.0, 0.0, 0.0, -0.0, 1.0, 12.5562},
        { 1.0, -0.0, 0.0, -0.0, 0.0, 1.0, 0.0, 0.0, 0.0, -0.0, 1.0, 10.4246},
        { 1.0, -0.0, 0.0, 0.0, 0.0, 1.0, 0.0, 0.0, 0.0, -0.0, 1.0, 8.7582},
        { 1.0, 0.0, 0.0, 0.0, 0.0, 1.0, 0.0, -53.3456, 0.0, 0.0, 1.0, 0.0},
        { 1.0, 0.0, 0.0, -0.0, 0.0, 1.0, 0.0, -66.8933, 0.0, 0.0, 1.0, 11.9262},
        { -1.0, 0.0, 0.0, 0.5658, 0.0, 0.8128, 0.5826, 23.009, 0.0, -0.5826, 0.8128, -25.5284},
        { 0.0039, 0.5011, -0.8654, 31.7854, 0.0058, 0.8654, 0.5011, 38.9175, 1.0, -0.007, 0.0004, 5.1561},
    },
    {
        { -0.3917, -0.9201, 0.0, 12.0745, 0.9201, -0.3917, 0.0, 45.4389, -0.0, 0.0, 1.0, -0.0},
        { -0.9459, 0.3243, -0.0, 21.7889, -0.3243, -0.9459, -0.0, -132.5672, -0.0, 0.0, 1.0, -24.287},
        { 1.0, -0.0, 0.0, 0.0, 0.0, 1.0, 0.0, 0.0, 0.0, 0.0, 1.0, 22.0581},
        { 0.9829, 0.1844, 0.0, -2.7927, -0.1844, 0.9829, -0.0, -41.713, -0.0, -0.0, 1.0, -0.0},
        { 0.9854, -0.0293, -0.1677, 12.3632, 0.043, 0.996, 0.0787, 1.3049, 0.1647, -0.0847, 0.9827, 16.3467},
        { 1.0, -0.0, 0.0, 0.0, 0.0, 1.0, 0.0, -0.0, 0.0, -0.0, 1.0, 2.832},
        { 1.0, -0.0, 0.0, 0.0, 0.0, 1.0, 0.0, -0.0, 0.0, -0.0, 1.0, 9.0015},
        { 1.0, -0.0, 0.0, 0.0, 0.0, 1.0, 0.0, -0.0, 0.0, -0.0, 1.0, 15.19},
        { 1.0, -0.0, 0.0, 0.0, 0.0, 1.0, 0.0, -0.0, 0.0, -0.0, 1.0, 18.4895},
        { 1.0, -0.0, 0.0, 0.0, 0.0, 1.0, 0.0, -0.0, 0.0, -0.0, 1.0, 17.5802},
        { 1.0, -0.0, 0.0, -0.0, 0.0, 1.0, 0.0, 0.0, 0.0, -0.0, 1.0, 15.4979},
        { 1.0, -0.0, 0.0, -0.0, 0.0, 1.0, 0.0, 0.0, 0.0, -0.0, 1.0, 13.2454},
        { 1.0, -0.0, 0.0, 0.0, 0.0, 1.0, 0.0, 0.0, 0.0, -0.0, 1.0, 11.3506},
        { 1.0, 0.0, 0.0, 0.0, 0.0, 1.0, 0.0, -67.2308, 0.0, 0.0, 1.0, 0.0},
        { 1.0, 0.0, 0.0, -0.0, 0.0, 1.0, 0.0, -53.2135, 0.0, 0.0, 1.0, 11.9262},
        { -1.0, 0.0, 0.0, 0.5658, 0.0, 0.8128, 0.5826, 23.009, 0.0, -0.5826, 0.8128, -25.5284},
        { 0.0039, 0.5011, -0.8654, 31.7854, 0.0058, 0.8654, 0.5011, 38.9175, 1.0, -0.007, 0.0004, 5.1561},
    },
    {
        { 1.0, 0.0, 0.0, -0.0, 0.0, 1.0, 0.0, -0.0, -0.0, 0.0, 1.0, 0.0},
        { -0.7241, 0.6897, -0.0, 46.7016, -0.6897, -0.7241, -0.0, -117.5181, -0.0, 0.0, 1.0, -24.287},
        { 1.0, -0.0, 0.0, 0.0, 0.0, 1.0, 0.0, 0.0, 0.0, 0.0, 1.0, 22.0581},
        { 0.5294, 0.8484, -0.0, -5.9502, -0.8484, 0.5294, -0.0, -10.277, -0.0, 0.0, 1.0, -0.0},
        { 0.9438, -0.2492, -0.2171, -8.8506, 0.2702, 0.96, 0.0728, 1.8922, 0.1903, -0.1274, 0.9734, 23.0836},
        { 1.0, -0.0, 0.0, 0.0, 0.0, 1.0, 0.0, -0.0, 0.0, -0.0, 1.0, -0.0},
        { 1.0, -0.0, 0.0, 0.0, 0.0, 1.0, 0.0, -0.0, 0.0, -0.0, 1.0, 2.813},
        { 1.0, -0.0, 0.0, 0.0, 0.0, 1.0, 0.0, -0.0, 0.0, -0.0, 1.0, 9.0015},
        { 1.0, -0.0, 0.0, 0.0, 0.0, 1.0, 0.0, -0.0, 0.0, -0.0, 1.0, 15.6005},
        { 1.0, -0.0, 0.0, 0.0, 0.0, 1.0, 0.0, -0.0, 0.0, -0.0, 1.0, 18.6111},
        { 1.0, -0.0, 0.0, -0.0, 0.0, 1.0, 0.0, 0.0, 0.0, -0.0, 1.0, 17.5786},
        { 1.0, -0.0, 0.0, -0.0, 0.0, 1.0, 0.0, 0.0, 0.0, -0.0, 1.0, 15.6247},
        { 1.0, -0.0, 0.0, 0.0, 0.0, 1.0, 0.0, 0.0, 0.0, -0.0, 1.0, 13.7328},
        { 1.0, 0.0, 0.0, 0.0, 0.0, 1.0, 0.0, -80.7867, 0.0, 0.0, 1.0, 0.0},
        { 1.0, 0.0, 0.0, -0.0, 0.0, 1.0, 0.0, -39.8582, 0.0, 0.0, 1.0, 11.9262},
        { -1.0, 0.0, 0.0, 0.5658, 0.0, 0.8128, 0.5826, 23.009, 0.0, -0.5826, 0.8128, -25.5284},
        { 0.0039, 0.5011, -0.8654, 31.7854, 0.0058, 0.8654, 0.5011, 38.9175, 1.0, -0.007, 0.0004, 5.1561},
    },
    {
        { 1.0, 0.0, 0.0, -0.0, 0.0, 1.0, 0.0, -0.0, -0.0, 0.0, 1.0, 4.2636},
        { -0.28, 0.96, -0.0, 65.1798, -0.96, -0.28, -0.0, -87.3139, -0.0, 0.0, 1.0, -24.287},
        { 1.0, -0.0, 0.0, 0.0, 0.0, 1.0, 0.0, 0.0, 0.0, 0.0, 1.0, 22.0581},
        { -0.2497, 0.9683, -0.0, 2.9814, -0.9683, -0.2497, -0.0, 19.3457, -0.0, 0.0, 1.0, -0.0},
        { 0.8605, -0.4381, -0.26, -28.062, 0.4667, 0.8825, 0.0575, -1.3032, 0.2043, -0.1708, 0.9639, 29.0423},
        { 1.0, -0.0, 0.0, 0.0, 0.0, 1.0, 0.0, -0.0, 0.0, -0.0, 1.0, -0.0},
        { 1.0, -0.0, 0.0, 0.0, 0.0, 1.0, 0.0, -0.0, 0.0, -0.0, 1.0, -0.0},
        { 1.0, -0.0, 0.0, 0.0, 0.0, 1.0, 0.0, -0.0, 0.0, -0.0, 1.0, 2.813},
        { 1.0, -0.0, 0.0, 0.0, 0.0, 1.0, 0.0, -0.0, 0.0, -0.0, 1.0, 9.2447},
        { 1.0, -0.0, 0.0, 0.0, 0.0, 1.0, 0.0, -0.0, 0.0, -0.0, 1.0, 15.7031},
        { 1.0, -0.0, 0.0, -0.0, 0.0, 1.0, 0.0, 0.0, 0.0, -0.0, 1.0, 18.3679},
        { 1.0, -0.0, 0.0, -0.0, 0.0, 1.0, 0.0, 0.0, 0.0, -0.0, 1.0, 17.2681},
        { 1.0, -0.0, 0.0, 0.0, 0.0, 1.0, 0.0, 0.0, 0.0, -0.0, 1.0, 15.6947},
        { 1.0, 0.0, 0.0, 0.0, 0.0, 1.0, 0.0, -93.3548, 0.0, 0.0, 1.0, 0.0},
        { 1.0, 0.0, 0.0, -0.0, 0.0, 1.0, 0.0, -27.4761, 0.0, 0.0, 1.0, 11.9262},
        { -1.0, 0.0, 0.0, 0.5658, 0.0, 0.8128, 0.5826, 23.009, 0.0, -0.5826, 0.8128, -25.5284},
        { 0.0039, 0.5011, -0.8654, 31.7854, 0.0058, 0.8654, 0.5011, 38.9175, 1.0, -0.007, 0.0004, 5.1561},
    },
    {
        { 1.0, 0.0, 0.0, -0.0, 0.0, 1.0, 0.0, -0.0, -0.0, 0.0, 1.0, 14.4307},
        { 0.28, 0.96, -0.0, 65.2654, -0.96, 0.28, -0.0, -49.1783, -0.0, 0.0, 1.0, -24.287},
        { 1.0, -0.0, 0.0, 0.0, 0.0, 1.0, 0.0, 0.0, 0.0, 0.0, 1.0, 22.0581},
        { -0.5812, 0.8137, 0.0, 8.5828, -0.8137, -0.5812, -0.0, 29.7196, -0.0, 0.0, 1.0, -0.0},
        { 0.7595, -0.5809, -0.2929, -43.5201, 0.6162, 0.7867, 0.0375, -6.6775, 0.2086, -0.209, 0.9554, 34.1761},
        { 1.0, -0.0, 0.0, 0.0, 0.0, 1.0, 0.0, -0.0, 0.0, -0.0, 1.0, -0.0},
        { 1.0, -0.0, 0.0, 0.0, 0.0, 1.0, 0.0, -0.0, 0.0, -0.0, 1.0, -0.0},
        { 1.0, -0.0, 0.0, 0.0, 0.0, 1.0, 0.0, -0.0, 0.0, -0.0, 1.0, -0.0},
        { 1.0, -0.0, 0.0, 0.0, 0.0, 1.0, 0.0, -0.0, 0.0, -0.0, 1.0, 2.889},
        { 1.0, -0.0, 0.0, 0.0, 0.0, 1.0, 0.0, -0.0, 0.0, -0.0, 1.0, 9.3056},
        { 1.0, -0.0, 0.0, -0.0, 0.0, 1.0, 0.0, 0.0, 0.0, -0.0, 1.0, 15.4979},
        { 1.0, -0.0, 0.0, -0.0, 0.0, 1.0, 0.0, 0.0, 0.0, -0.0, 1.0, 17.8813},
        { 1.0, -0.0, 0.0, 0.0, 0.0, 1.0, 0.0, 0.0, 0.0, -0.0, 1.0, 17.0259},
        { 1.0, 0.0, 0.0, 0.0, 0.0, 1.0, 0.0, -104.2764, 0.0, 0.0, 1.0, 0.0},
        { 1.0, 0.0, 0.0, -0.0, 0.0, 1.0, 0.0, -16.7162, 0.0, 0.0, 1.0, 11.9262},
        { -1.0, 0.0, 0.0, 0.5658, 0.0, 0.8128, 0.5826, 23.009, 0.0, -0.5826, 0.8128, -25.5284},
        { 0.0039, 0.5011, -0.8654, 31.7854, 0.0058, 0.8654, 0.5011, 38.9175, 1.0, -0.007, 0.0004, 5.1561},
    },
    {
        { 1.0, 0.0, 0.0, -0.0, 0.0, 1.0, 0.0, -0.0, -0.0, 0.0, 1.0, 26.5655},
        { 0.7241, 0.6897, -0.0, 46.9229, -0.6897, 0.7241, -0.0, -18.8914, -0.0, 0.0, 1.0, -24.287},
        { 1.0, -0.0, 0.0, 0.0, 0.0, 1.0, 0.0, 0.0, 0.0, 0.0, 1.0, 22.0581},
        { -0.096, 0.9954, 0.0, -7.7946, -0.9954, -0.096, 0.0, 18.8164, 0.0, -0.0, 1.0, -0.0},
        { 0.6661, -0.6761, -0.315, -54.5469, 0.7165, 0.6973, 0.0186, -12.2802, 0.2071, -0.238, 0.9489, 38.3051},
        { 1.0, -0.0, 0.0, 0.0, 0.0, 1.0, 0.0, -0.0, 0.0, -0.0, 1.0, -0.0},
        { 1.0, -0.0, 0.0, 0.0, 0.0, 1.0, 0.0, -0.0, 0.0, -0.0, 1.0, -0.0},
        { 1.0, -0.0, 0.0, 0.0, 0.0, 1.0, 0.0, -0.0, 0.0, -0.0, 1.0, -0.0},
        { 1.0, -0.0, 0.0, 0.0, 0.0, 1.0, 0.0, -0.0, 0.0, -0.0, 1.0, -0.0},
        { 1.0, -0.0, 0.0, 0.0, 0.0, 1.0, 0.0, -0.0, 0.0, -0.0, 1.0, 2.908},
        { 1.0, -0.0, 0.0, -0.0, 0.0, 1.0, 0.0, 0.0, 0.0, -0.0, 1.0, 9.1839},
        { 1.0, -0.0, 0.0, -0.0, 0.0, 1.0, 0.0, 0.0, 0.0, -0.0, 1.0, 15.0873},
        { 1.0, -0.0, 0.0, 0.0, 0.0, 1.0, 0.0, 0.0, 0.0, -0.0, 1.0, 17.5164},
        { 1.0, 0.0, 0.0, 0.0, 0.0, 1.0, 0.0, -112.8929, 0.0, 0.0, 1.0, 0.0},
        { 1.0, 0.0, 0.0, -0.0, 0.0, 1.0, 0.0, -8.2271, 0.0, 0.0, 1.0, 11.9262},
        { -1.0, 0.0, 0.0, 0.5658, 0.0, 0.8128, 0.5826, 23.009, 0.0, -0.5826, 0.8128, -25.5284},
        { 0.0039, 0.5011, -0.8654, 31.7854, 0.0058, 0.8654, 0.5011, 38.9175, 1.0, -0.007, 0.0004, 5.1561},
    },
    {
        { 1.0, 0.0, 0.0, -0.0, 0.0, 1.0, 0.0, -0.0, -0.0, 0.0, 1.0, 36.7326},
        { 0.9459, 0.3243, -0.0, 22.078, -0.3243, 0.9459, -0.0, -3.7306, -0.0, 0.0, 1.0, -24.287},
        { 1.0, -0.0, 0.0, 0.0, 0.0, 1.0, 0.0, 0.0, 0.0, 0.0, 1.0, 22.0581},
        { 0.8657, 0.5005, 0.0, -24.9913, -0.5005, 0.8657, 0.0, -14.2438, 0.0, -0.0, 1.0, 0.0},
        { 0.6004, -0.7295, -0.3275, -61.1462, 0.7732, 0.6341, 0.005, -16.4592, 0.204, -0.2563, 0.9448, 41.0903},
        { 1.0, -0.0, 0.0, 0.0, 0.0, 1.0, 0.0, -0.0, 0.0, -0.0, 1.0, -0.0},
        { 1.0, -0.0, 0.0, 0.0, 0.0, 1.0, 0.0, -0.0, 0.0, -0.0, 1.0, -0.0},
        { 1.0, -0.0, 0.0, 0.0, 0.0, 1.0, 0.0, -0.0, 0.0, -0.0, 1.0, -0.0},
        { 1.0, -0.0, 0.0, 0.0, 0.0, 1.0, 0.0, -0.0, 0.0, -0.0, 1.0, -0.0},
        { 1.0, -0.0, 0.0, 0.0, 0.0, 1.0, 0.0, -0.0, 0.0, -0.0, 1.0, -0.0},
        { 1.0, -0.0, 0.0, -0.0, 0.0, 1.0, 0.0, 0.0, 0.0, -0.0, 1.0, 2.87},
        { 1.0, -0.0, 0.0, -0.0, 0.0, 1.0, 0.0, 0.0, 0.0, -0.0, 1.0, 8.9406},
        { 1.0, -0.0, 0.0, 0.0, 0.0, 1.0, 0.0, 0.0, 0.0, -0.0, 1.0, 14.7794},
        { 1.0, 0.0, 0.0, 0.0, 0.0, 1.0, 0.0, -118.5458, 0.0, 0.0, 1.0, 0.0},
        { 1.0, 0.0, 0.0, -0.0, 0.0, 1.0, 0.0, -2.6579, 0.0, 0.0, 1.0, 11.9262},
        { -1.0, 0.0, 0.0, 0.5658, 0.0, 0.8128, 0.5826, 23.009, 0.0, -0.5826, 0.8128, -25.5284},
        { 0.0039, 0.5011, -0.8654, 31.7854, 0.0058, 0.8654, 0.5011, 38.9175, 1.0, -0.007, 0.0004, 5.1561},
    },
    {
        { 1.0, 0.0, 0.0, -0.0, 0.0, 1.0, 0.0, -0.0, -0.0, 0.0, 1.0, 40.9962},
        { 1.0, 0.0, 0.0, 0.0, -0.0, 1.0, 0.0, 0.0, 0.0, -0.0, 1.0, -24.287},
        { 1.0, -0.0, 0.0, 0.0, 0.0, 1.0, 0.0, 0.0, 0.0, 0.0, 1.0, 22.0581},
        { 1.0, -0.0, 0.0, -25.167, 0.0, 1.0, 0.0, -29.8624, 0.0, -0.0, 1.0, -0.0},
        { 0.5762, -0.747, -0.3316, -63.393, 0.7918, 0.6108, -0.0, -18.0414, 0.2026, -0.2626, 0.9434, 42.1115},
        { 1.0, -0.0, 0.0, 0.0, 0.0, 1.0, 0.0, -0.0, 0.0, -0.0, 1.0, -0.0},
        { 1.0, -0.0, 0.0, 0.0, 0.0, 1.0, 0.0, -0.0, 0.0, -0.0, 1.0, -0.0},
        { 1.0, -0.0, 0.0, 0.0, 0.0, 1.0, 0.0, -0.0, 0.0, -0.0, 1.0, -0.0},
        { 1.0, -0.0, 0.0, 0.0, 0.0, 1.0, 0.0, -0.0, 0.0, -0.0, 1.0, -0.0},
        { 1.0, -0.0, 0.0, 0.0, 0.0, 1.0, 0.0, -0.0, 0.0, -0.0, 1.0, -0.0},
        { 1.0, -0.0, 0.0, -0.0, 0.0, 1.0, 0.0, 0.0, 0.0, -0.0, 1.0, -0.0},
        { 1.0, -0.0, 0.0, -0.0, 0.0, 1.0, 0.0, 0.0, 0.0, -0.0, 1.0, 2.794},
        { 1.0, -0.0, 0.0, 0.0, 0.0, 1.0, 0.0, 0.0, 0.0, -0.0, 1.0, 8.7582},
        { 1.0, 0.0, 0.0, 0.0, 0.0, 1.0, 0.0, -120.5764, 0.0, 0.0, 1.0, 0.0},
        { 1.0, 0.0, 0.0, -0.0, 0.0, 1.0, 0.0, -0.6573, 0.0, 0.0, 1.0, 11.9262},
        { -1.0, 0.0, 0.0, 0.5658, 0.0, 0.8128, 0.5826, 23.009, 0.0, -0.5826, 0.8128, -25.5284},
        { 0.0039, 0.5011, -0.8654, 31.7854, 0.0058, 0.8654, 0.5011, 38.9175, 1.0, -0.007, 0.0004, 5.1561},
    },
    {
        { 1.0, 0.0, 0.0, -0.0, 0.0, 1.0, 0.0, -0.0, -0.0, 0.0, 1.0, 40.9962},
        { 1.0, 0.0, 0.0, 0.0, -0.0, 1.0, 0.0, 0.0, 0.0, -0.0, 1.0, -24.287},
        { 1.0, -0.0, 0.0, 0.0, 0.0, 1.0, 0.0, 0.0, 0.0, 0.0, 1.0, 22.0581},
        { 1.0, -0.0, 0.0, -25.167, 0.0, 1.0, 0.0, -29.8624, 0.0, -0.0, 1.0, -0.0},
        { 0.5762, -0.747, -0.3316, -63.393, 0.7918, 0.6108, -0.0, -18.0414, 0.2026, -0.2626, 0.9434, 42.1115},
        { 1.0, -0.0, 0.0, 0.0, 0.0, 1.0, 0.0, -0.0, 0.0, -0.0, 1.0, -0.0},
        { 1.0, -0.0, 0.0, 0.0, 0.0, 1.0, 0.0, -0.0, 0.0, -0.0, 1.0, -0.0},
        { 1.0, -0.0, 0.0, 0.0, 0.0, 1.0, 0.0, -0.0, 0.0, -0.0, 1.0, -0.0},
        { 1.0, -0.0, 0.0, 0.0, 0.0, 1.0, 0.0, -0.0, 0.0, -0.0, 1.0, -0.0},
        { 1.0, -0.0, 0.0, 0.0, 0.0, 1.0, 0.0, -0.0, 0.0, -0.0, 1.0, -0.0},
        { 1.0, -0.0, 0.0, -0.0, 0.0, 1.0, 0.0, 0.0, 0.0, -0.0, 1.0, -0.0},
        { 1.0, -0.0, 0.0, -0.0, 0.0, 1.0, 0.0, 0.0, 0.0, -0.0, 1.0, -0.0},
        { 1.0, -0.0, 0.0, 0.0, 0.0, 1.0, 0.0, 0.0, 0.0, -0.0, 1.0, 2.7369},
        { 1.0, 0.0, 0.0, 0.0, 0.0, 1.0, 0.0, -120.5764, 0.0, 0.0, 1.0, 0.0},
        { 1.0, 0.0, 0.0, -0.0, 0.0, 1.0, 0.0, -0.6573, 0.0, 0.0, 1.0, 11.9262},
        { -1.0, 0.0, 0.0, 0.5658, 0.0, 0.8128, 0.5826, 23.009, 0.0, -0.5826, 0.8128, -25.5284},
        { 0.0039, 0.5011, -0.8654, 31.7854, 0.0058, 0.8654, 0.5011, 38.9175, 1.0, -0.007, 0.0004, 5.1561},
    },
    {
        { 1.0, 0.0, 0.0, -0.0, 0.0, 1.0, 0.0, -0.0, -0.0, 0.0, 1.0, 40.9962},
        { 1.0, 0.0, 0.0, 0.0, -0.0, 1.0, 0.0, 0.0, 0.0, -0.0, 1.0, -24.287},
        { 1.0, -0.0, 0.0, 0.0, 0.0, 1.0, 0.0, 0.0, 0.0, 0.0, 1.0, 22.0581},
        { 1.0, -0.0, 0.0, -25.167, 0.0, 1.0, 0.0, -29.8624, 0.0, -0.0, 1.0, -0.0},
        { 0.5762, -0.747, -0.3316, -63.393, 0.7918, 0.6108, -0.0, -18.0414, 0.2026, -0.2626, 0.9434, 42.1115},
        { 1.0, -0.0, 0.0, 0.0, 0.0, 1.0, 0.0, -0.0, 0.0, -0.0, 1.0, -0.0},
        { 1.0, -0.0, 0.0, 0.0, 0.0, 1.0, 0.0, -0.0, 0.0, -0.0, 1.0, -0.0},
        { 1.0, -0.0, 0.0, 0.0, 0.0, 1.0, 0.0, -0.0, 0.0, -0.0, 1.0, -0.0},
        { 1.0, -0.0, 0.0, 0.0, 0.0, 1.0, 0.0, -0.0, 0.0, -0.0, 1.0, -0.0},
        { 1.0, -0.0, 0.0, 0.0, 0.0, 1.0, 0.0, -0.0, 0.0, -0.0, 1.0, -0.0},
        { 1.0, -0.0, 0.0, -0.0, 0.0, 1.0, 0.0, 0.0, 0.0, -0.0, 1.0, -0.0},
        { 1.0, -0.0, 0.0, -0.0, 0.0, 1.0, 0.0, 0.0, 0.0, -0.0, 1.0, -0.0},
        { 1.0, -0.0, 0.0, 0.0, 0.0, 1.0, 0.0, 0.0, 0.0, -0.0, 1.0, -0.0},
        { 1.0, 0.0, 0.0, 0.0, 0.0, 1.0, 0.0, -120.5764, 0.0, 0.0, 1.0, 0.0},
        { 1.0, 0.0, 0.0, -0.0, 0.0, 1.0, 0.0, -0.6573, 0.0, 0.0, 1.0, 11.9262},
        { -1.0, 0.0, 0.0, 0.5658, 0.0, 0.8128, 0.5826, 23.009, 0.0, -0.5826, 0.8128, -25.5284},
        { 0.0039, 0.5011, -0.8654, 31.7854, 0.0058, 0.8654, 0.5011, 38.9175, 1.0, -0.007, 0.0004, 5.1561},
    }
};
